Master Id	Source Identifier
0	1
1	2
2	3
3	4
4	5
5	6
6	7
7	8
8	9
9	10
10	11
11	12
12	13
13	14
14	15
15	16
16	17
17	18
18	19
19	20
20	21
21	22
22	23
23	24
24	25
25	26
26	27
27	28
28	29
29	30
30	31
31	32
32	33
33	34
34	35
35	36
36	37
37	38
38	39
39	40
40	41
41	42
42	43
43	44
44	45
45	46
46	47
47	48
48	49
49	50
50	51
51	52
52	53
53	54
54	55
55	56
56	57
57	58
58	59
59	60
60	61
61	62
62	63
63	64
64	65
65	66
66	67
67	68
68	69
69	70
70	71
71	72
72	73
73	74
74	76
75	77
76	78
77	79
78	80
79	81
80	82
81	83
82	84
83	85
84	86
85	87
86	88
87	89
88	90
89	91
90	92
91	93
92	94
93	95
94	96
95	97
96	98
97	99
98	100
99	101
100	102
101	103
102	104
103	105
104	106
105	107
106	108
107	109
108	110
109	111
110	112
111	113
112	114
113	115
114	116
115	117
116	118
117	119
118	120
119	121
120	122
121	123
122	124
123	125
124	126
125	127
126	128
127	129
128	130
129	131
130	132
131	133
27	134
132	135
133	136
134	137
135	138
136	139
137	140
138	141
139	142
140	143
141	144
142	145
143	146
144	147
145	148
146	149
147	150
148	151
149	152
150	153
151	154
152	155
153	156
154	157
155	158
156	159
157	160
158	161
159	162
160	163
161	164
162	165
163	166
164	167
165	168
166	169
167	170
168	171
169	172
170	173
171	174
172	175
173	176
174	177
175	178
176	179
177	180
178	181
179	182
180	183
181	184
182	185
183	186
184	187
185	188
186	189
187	190
188	191
189	192
190	194
191	195
192	196
193	197
194	198
195	199
196	200
197	201
153	202
198	203
199	204
200	205
201	206
202	207
203	208
204	209
205	210
206	211
207	212
208	213
209	214
210	215
211	216
212	217
213	218
214	219
215	220
216	221
217	222
218	223
219	224
220	225
221	226
153	227
222	228
223	229
224	230
225	231
226	232
227	233
228	234
229	235
230	236
231	237
232	238
233	239
234	240
235	241
236	242
237	243
238	244
239	245
240	246
241	247
242	248
243	249
244	250
245	251
246	252
247	253
248	254
8	255
249	256
250	257
251	258
252	259
253	260
254	261
255	262
256	263
257	264
122	265
258	266
259	267
260	268
261	269
262	270
263	271
264	272
265	273
266	274
267	275
268	276
269	277
270	278
271	279
272	280
273	281
274	282
275	283
276	284
277	285
278	286
279	287
280	288
281	289
282	290
283	291
284	292
285	293
286	294
287	295
27	296
288	297
289	298
290	299
291	300
292	301
293	302
294	303
295	304
296	305
297	306
298	307
299	308
300	309
301	310
302	311
303	312
304	313
305	314
306	315
307	316
308	317
309	318
310	319
311	320
312	321
313	322
314	323
315	324
316	325
317	326
318	327
319	328
320	329
321	330
322	331
323	332
324	333
325	334
326	335
327	336
328	337
329	338
330	339
331	340
332	341
333	342
334	343
92	344
335	345
336	346
337	347
338	348
339	349
340	350
341	351
342	352
343	353
344	354
345	355
346	356
347	357
348	358
349	359
350	360
351	361
352	362
353	363
354	364
355	365
356	366
357	367
358	368
359	369
360	370
361	371
362	372
363	373
132	374
364	375
365	376
366	377
107	378
367	379
368	380
369	381
370	382
371	383
372	384
373	385
374	386
375	387
376	388
377	389
378	390
379	391
380	392
381	393
382	394
383	395
384	396
385	397
141	398
386	399
387	400
388	401
389	402
390	403
391	404
392	405
393	406
394	407
395	408
396	409
397	410
398	411
399	412
161	413
400	414
401	415
301	416
402	417
403	418
404	419
405	420
406	421
407	422
408	423
409	424
410	425
411	426
412	427
413	428
414	429
415	430
416	431
417	432
418	433
419	434
420	435
421	436
422	437
423	438
424	439
425	440
426	441
427	442
428	443
429	444
430	445
431	446
432	447
433	448
434	449
435	450
436	451
437	452
438	453
439	454
440	455
441	456
442	457
443	458
444	459
445	460
446	461
447	462
448	463
449	464
450	465
451	466
452	467
453	468
454	469
455	470
456	471
457	472
458	473
459	474
460	475
461	476
462	477
463	478
464	479
465	480
466	481
467	482
468	483
469	484
470	485
471	486
472	487
473	488
474	489
475	490
476	491
477	492
478	493
479	494
480	495
481	496
482	497
483	498
484	499
485	500
486	501
487	502
488	503
489	504
490	505
491	506
89	507
492	508
493	509
494	510
495	511
496	512
497	513
498	514
499	515
500	516
501	517
502	518
503	519
504	520
505	521
123	522
506	523
507	524
508	525
509	526
510	527
511	528
266	529
512	530
513	531
514	532
515	533
516	534
517	535
463	536
518	537
519	538
520	539
521	540
522	541
523	542
524	543
525	544
526	545
527	546
528	547
529	548
530	549
531	550
532	551
132	552
533	553
534	554
535	555
536	556
537	557
538	558
476	559
414	560
539	561
540	562
541	563
542	564
543	565
544	566
545	567
546	568
547	569
548	570
549	571
550	572
551	573
552	574
553	575
554	576
555	577
556	578
557	579
467	580
558	581
559	582
560	583
561	584
562	585
563	586
564	587
565	588
566	589
567	590
568	591
569	592
570	593
19	594
571	595
572	596
573	597
574	598
575	599
576	600
577	601
578	602
579	603
580	604
581	605
92	606
582	607
583	608
584	609
585	610
586	611
587	612
588	613
589	614
590	615
591	616
592	617
593	618
594	619
595	620
596	621
597	622
598	623
599	624
600	625
601	626
602	627
603	628
604	629
605	630
606	631
607	632
608	633
609	634
610	635
611	636
612	637
613	638
614	639
615	640
616	641
617	642
618	643
619	644
620	645
621	646
622	647
623	648
624	649
625	650
626	651
627	652
628	653
629	654
630	655
631	656
632	657
633	658
634	659
635	660
636	661
637	662
638	663
639	664
640	665
641	666
642	667
643	668
644	669
645	670
646	671
647	672
648	673
649	674
650	675
651	676
652	677
653	678
654	679
655	680
656	681
657	682
658	683
659	684
660	685
661	686
662	687
426	688
663	689
664	690
665	691
666	692
667	693
668	694
669	695
670	696
671	697
672	698
475	699
673	700
674	701
675	702
676	703
677	704
678	705
679	706
680	707
681	708
682	709
683	710
684	711
685	712
686	713
687	714
688	715
689	716
690	717
691	718
692	719
693	720
694	721
695	722
696	723
697	724
698	725
699	726
700	727
701	728
702	729
703	730
704	731
705	732
706	733
707	734
708	735
709	736
710	737
711	738
712	739
713	740
714	741
715	742
716	743
717	744
718	745
719	746
720	747
721	748
722	749
723	750
724	751
725	752
726	753
727	754
728	755
729	756
730	757
731	758
732	759
733	760
734	761
735	762
736	763
737	764
738	765
739	766
740	767
741	768
742	769
743	770
744	771
745	772
746	773
747	774
748	775
749	776
750	777
751	778
752	779
753	780
754	781
755	782
756	783
757	784
758	785
759	786
760	787
761	788
762	789
763	790
764	791
765	792
766	793
767	794
768	795
769	796
770	797
771	798
772	799
773	800
774	801
775	802
776	803
777	804
203	805
778	806
779	807
780	808
781	809
782	810
783	811
784	812
785	813
345	814
786	815
787	816
788	817
789	818
790	819
791	820
792	821
793	822
794	823
795	824
796	825
797	826
798	827
799	828
800	829
801	830
802	831
803	832
804	833
805	834
806	835
807	836
808	837
809	838
810	839
811	840
812	841
813	842
814	843
815	844
816	845
817	846
193	847
818	848
819	849
820	850
821	851
822	852
823	853
824	854
825	855
826	856
827	857
828	858
829	859
830	860
831	861
832	862
833	863
834	864
835	865
836	866
837	867
838	868
601	869
839	870
840	871
841	872
842	873
843	874
844	875
845	876
602	877
846	878
847	879
848	880
849	881
850	882
303	883
851	884
852	885
853	886
854	887
855	888
856	889
857	890
751	891
858	892
859	893
860	894
861	895
862	896
863	897
864	898
865	899
866	900
867	901
868	902
869	903
870	904
871	905
872	906
873	907
874	908
875	909
876	910
877	911
270	912
878	913
879	914
880	915
881	916
266	917
882	918
883	919
884	920
885	921
886	922
887	923
888	924
889	925
890	926
891	927
892	928
893	929
894	930
895	931
896	932
897	933
898	934
899	935
900	936
901	937
902	938
903	939
904	940
905	941
906	942
907	943
908	944
909	945
910	946
911	947
912	948
913	949
914	950
915	951
916	952
917	953
918	954
919	955
920	956
921	957
922	958
923	959
924	960
925	961
926	962
927	963
928	964
929	965
930	966
931	967
932	968
933	969
934	970
935	971
936	972
937	973
938	974
939	975
940	976
941	977
942	978
943	979
944	980
945	981
946	982
947	983
948	984
949	985
950	986
951	987
952	988
953	989
954	990
955	991
956	992
957	993
958	994
959	995
960	996
961	997
962	998
963	1000
